128 128
64 117 125 130 126 137 120 78 71 86 116 127 122 122 120 125 121 137 133 133 119 111 106 82 57 71 87 113 129 113 79 79 92 62 29 23 25 30 36 43 44 59 63 67 70 74 81 87 85 89 92 90 79 91 110 107 119 79 100 125 141 138 123 130 149 124 73 57 76 156 227 216 155 115 136 181 211 176 89 34 43 59 79 85 87 67 57 36 56 44 38 54 54 44 59 58 39 52 59 56 92 95 62 52 81 66 98 134 217 185 128 102 146 173 54 61 70 86 88 84 75 88 91 111 150 149 150 151 
45 114 122 75 116 179 131 118 120 94 95 106 103 109 135 131 123 120 136 136 125 109 120 123 112 98 70 62 78 68 66 60 74 94 53 24 26 30 34 45 52 58 60 60 66 70 68 72 79 79 90 95 73 83 67 78 66 59 82 82 81 96 123 121 95 71 67 112 198 231 186 128 120 158 204 204 131 65 107 80 56 33 26 48 73 83 90 82 70 48 28 57 66 56 65 57 50 55 64 38 58 84 65 69 79 74 72 106 163 218 172 119 100 167 144 63 112 100 80 59 69 59 100 96 135 150 148 149 
36 108 103 38 133 214 140 83 97 112 134 144 105 70 83 112 123 126 115 135 117 111 109 125 121 122 110 86 63 40 39 48 50 60 73 26 25 32 39 42 42 45 52 54 64 77 72 72 63 69 81 94 70 78 72 64 55 58 72 118 116 115 80 73 63 80 154 226 218 156 117 136 183 214 180 153 128 51 37 59 78 85 64 40 26 34 59 87 93 87 66 65 64 43 60 68 59 62 67 58 41 72 48 53 73 71 79 149 110 183 214 158 112 104 183 107 73 130 129 95 84 61 63 104 108 144 148 149 
28 93 94 38 119 207 157 74 55 54 78 98 94 94 80 60 63 100 113 107 105 120 106 108 124 121 101 63 65 72 59 50 40 42 53 25 25 34 36 39 41 48 54 57 66 75 74 81 78 78 81 86 67 68 74 63 62 57 64 104 123 107 72 60 104 190 229 187 129 122 160 206 207 162 146 129 93 83 71 43 28 40 60 79 76 62 42 34 51 77 92 93 78 69 61 69 45 54 67 57 59 75 69 44 66 64 66 113 111 109 201 206 144 105 117 185 81 87 135 121 108 113 69 83 101 113 143 145 
27 53 72 42 69 139 123 67 37 25 45 61 76 88 108 109 96 71 71 78 104 124 116 107 100 89 72 55 54 67 65 67 62 40 38 24 26 33 40 46 51 57 63 64 68 70 72 77 85 74 81 85 78 65 83 73 65 58 55 89 103 66 76 147 222 215 153 119 139 184 214 187 135 124 105 87 94 84 84 87 76 55 40 33 50 70 82 77 50 35 41 61 74 84 85 79 68 49 71 49 44 58 63 60 75 66 47 86 105 101 119 214 193 133 99 133 172 65 106 131 106 113 106 69 94 88 125 146 
21 9 12 19 17 26 57 55 13 11 24 41 60 76 105 109 119 113 110 92 66 73 80 97 71 52 52 50 49 49 59 59 61 52 51 27 26 30 36 45 50 53 67 59 66 70 75 73 77 73 79 81 80 62 78 71 90 104 101 108 82 107 191 229 186 128 124 166 208 211 162 113 109 104 79 85 88 88 88 85 84 85 87 74 44 29 38 57 70 82 66 43 32 49 71 80 84 72 76 59 38 52 63 60 70 74 65 91 63 54 85 142 220 182 124 98 154 151 61 108 115 104 120 99 80 95 102 144 
9 6 8 8 25 42 27 21 14 12 9 19 49 69 111 105 114 118 112 111 99 98 71 38 39 42 42 53 49 41 43 54 57 50 42 26 27 27 35 40 44 45 58 58 62 75 79 77 80 83 84 85 80 49 46 94 101 65 105 114 153 223 212 149 120 144 190 218 192 141 127 96 101 89 80 84 86 85 82 87 88 82 81 81 78 75 65 40 27 42 71 93 85 57 29 30 54 72 88 88 68 65 61 35 61 73 85 103 69 62 68 100 171 218 167 116 100 173 115 54 119 112 106 125 96 103 92 124 
87 57 32 16 8 22 45 50 21 6 7 18 45 92 121 114 109 117 116 109 100 106 96 57 46 34 25 32 39 42 35 34 45 41 40 26 23 27 36 44 46 47 48 53 56 67 73 76 78 80 86 86 93 64 65 84 9 43 150 190 221 176 124 128 169 209 212 166 135 103 96 84 90 91 86 82 84 88 82 79 82 84 86 83 78 81 87 89 79 50 28 32 57 79 77 64 42 29 41 71 90 86 86 62 55 66 44 80 62 58 87 118 107 192 210 153 109 110 183 92 91 123 115 104 118 87 102 94 
140 129 115 115 89 55 25 16 27 48 30 17 46 88 116 117 125 111 120 121 103 97 93 63 58 53 37 29 20 20 27 26 23 32 38 23 23 28 32 45 46 49 55 61 61 66 68 69 72 72 80 80 82 74 32 11 32 114 215 216 156 119 148 192 217 193 150 159 112 96 92 90 87 89 90 91 90 87 84 85 84 80 75 81 84 86 83 83 84 90 83 56 36 28 41 69 88 78 54 31 33 51 85 91 84 80 56 57 63 43 58 81 99 109 208 200 141 104 125 179 76 67 91 104 88 62 88 90 
142 135 132 125 140 144 120 69 46 63 70 69 96 71 61 65 92 121 114 106 102 107 96 77 57 53 45 39 36 23 16 15 15 23 31 23 23 25 32 38 42 53 57 66 66 69 73 74 76 83 87 85 85 71 37 29 89 103 167 208 207 189 205 215 170 128 112 125 103 83 88 93 90 90 88 86 89 90 89 89 82 80 83 85 84 82 84 85 89 87 84 79 84 72 48 26 32 59 83 83 67 39 31 53 80 93 90 80 72 50 39 69 71 85 128 217 188 130 100 145 169 65 81 84 69 73 80 92 
92 108 115 138 122 127 125 127 119 125 114 85 75 86 93 79 61 59 82 94 117 116 104 88 70 55 49 36 36 29 25 24 18 10 13 21 24 27 35 39 45 50 51 59 64 68 66 58 61 75 85 80 76 69 51 64 101 87 80 160 213 224 199 136 102 91 85 85 83 86 89 89 88 88 88 88 86 85 86 89 87 83 83 82 81 77 81 79 80 85 88 86 82 84 85 73 54 30 26 45 73 85 70 40 30 44 69 84 89 82 65 71 53 60 87 155 219 174 120 100 167 150 78 124 105 85 75 74 
115 99 72 91 112 109 124 134 125 121 134 136 129 101 74 76 86 88 77 59 65 85 95 102 83 68 44 37 33 32 26 25 22 18 19 21 24 28 40 40 42 48 51 55 63 70 57 44 49 58 72 82 78 70 56 54 83 72 53 49 122 164 107 85 78 79 79 87 86 89 89 87 88 88 89 88 88 89 87 87 89 88 92 90 81 77 77 86 81 75 78 86 89 84 79 77 76 72 71 49 31 34 59 72 71 58 35 33 52 77 88 87 85 58 88 109 184 213 157 113 105 184 118 84 131 114 126 92 
118 138 126 115 101 85 95 125 130 132 119 134 140 128 115 112 92 74 76 87 87 67 54 69 83 76 50 48 31 30 31 27 26 19 18 20 24 27 35 40 48 49 56 56 57 63 63 52 59 68 77 81 82 73 56 40 47 53 47 66 114 106 90 80 95 107 86 82 81 85 87 87 87 86 88 87 88 86 83 84 87 88 87 89 93 91 85 82 80 83 84 80 81 81 80 88 84 74 79 90 85 46 32 26 38 72 84 74 51 36 45 64 81 78 89 108 117 203 204 144 106 115 190 92 99 114 114 128 
115 126 138 137 140 126 79 79 77 100 125 121 117 119 123 113 124 118 108 84 67 80 92 86 65 62 114 123 86 48 27 23 25 18 19 19 19 24 30 39 47 47 53 51 48 51 58 59 70 85 92 95 90 78 63 47 19 26 30 75 118 149 160 92 82 83 85 86 86 82 83 87 87 88 89 84 86 88 88 88 86 85 87 87 85 86 91 84 79 79 82 81 83 85 79 82 86 90 81 76 81 69 73 60 36 25 35 60 84 83 61 42 34 42 68 88 86 125 216 191 132 101 134 183 79 101 106 123 
124 116 132 137 138 137 117 121 106 84 80 92 101 129 131 120 115 125 127 120 97 91 78 66 74 53 110 144 148 141 103 60 25 11 15 19 20 24 28 38 46 47 54 55 52 55 59 64 69 80 83 89 88 88 74 59 34 31 41 84 166 100 115 92 89 88 83 82 86 85 88 87 79 84 88 90 86 84 87 90 88 85 83 84 85 85 88 85 83 83 83 82 83 83 84 84 81 82 76 82 83 78 77 75 71 65 57 34 27 45 69 86 71 46 32 41 64 80 153 219 176 122 98 156 163 71 104 102 
131 123 117 133 139 140 122 117 136 136 126 110 72 72 100 110 120 113 131 111 104 105 95 48 51 51 104 137 166 167 168 154 125 82 37 17 20 23 29 40 44 48 51 56 55 65 67 76 82 85 85 84 83 78 76 64 53 47 50 95 116 75 72 78 78 87 89 87 88 84 86 91 90 87 83 84 87 91 88 86 86 85 83 89 85 86 89 90 90 88 84 81 83 81 84 80 82 85 85 87 79 78 86 82 81 76 79 85 72 45 28 37 59 77 80 61 36 38 77 184 215 160 112 100 177 134 70 115 
115 118 130 116 129 136 121 112 124 136 135 139 116 85 62 52 83 106 106 96 121 84 48 47 53 51 112 185 198 145 150 164 171 165 143 104 63 33 30 37 40 41 49 55 61 64 63 69 73 77 81 84 77 80 75 70 65 69 67 82 82 75 74 76 72 83 90 93 85 88 89 88 88 90 90 87 83 85 86 87 91 88 75 76 81 85 85 88 86 90 89 78 78 80 87 86 82 79 79 89 90 79 75 75 84 93 89 85 84 88 82 61 38 28 44 71 79 73 55 84 192 205 142 106 109 190 108 85 
72 67 96 124 111 107 117 120 112 128 137 137 131 113 115 101 75 69 76 87 72 47 46 50 52 50 111 203 212 184 161 146 146 158 168 165 146 124 90 58 46 44 51 55 57 66 73 74 79 77 83 87 82 81 78 69 58 65 73 81 85 83 86 83 78 77 85 91 86 84 83 87 89 89 92 88 86 88 87 82 82 84 86 76 67 66 72 78 74 79 81 74 78 80 82 83 85 87 84 78 85 83 82 82 82 86 90 92 88 82 76 80 83 69 52 34 33 53 80 103 123 208 190 130 103 125 190 81 
101 98 74 71 84 95 128 127 122 115 131 138 135 112 115 124 116 110 101 62 33 39 52 52 52 51 94 198 218 202 193 188 173 152 135 141 150 157 160 143 116 84 58 50 56 66 71 73 79 81 91 97 97 95 85 75 74 73 81 92 89 82 83 88 90 86 79 81 82 83 83 82 88 86 93 93 84 81 82 79 79 77 86 82 80 83 85 83 79 83 76 70 70 69 75 80 82 82 81 81 90 89 83 81 83 83 81 81 84 88 83 81 80 81 83 79 65 41 31 52 74 127 214 176 123 99 148 179 
99 119 120 118 101 68 70 95 108 132 116 128 121 114 108 119 123 116 118 112 98 62 54 54 52 52 80 206 234 231 219 205 196 191 170 138 141 142 157 165 164 153 134 104 76 66 62 65 64 71 72 80 83 83 81 70 74 80 82 87 92 91 88 86 85 86 90 86 86 83 82 83 91 86 81 85 89 84 83 89 87 88 88 94 86 89 90 93 92 87 92 84 85 89 82 74 67 73 87 85 84 85 89 87 82 80 81 82 86 88 86 87 90 89 86 81 80 81 73 52 50 83 159 211 164 116 99 170 
95 110 124 130 135 114 85 75 62 84 111 112 105 128 119 108 125 125 127 121 111 80 55 55 53 53 72 203 236 235 233 232 226 212 197 183 187 173 155 145 151 162 164 157 145 126 96 78 68 65 73 88 92 79 81 77 77 75 80 82 85 88 90 91 89 82 85 85 87 91 90 84 82 83 84 85 84 88 82 86 87 87 85 93 86 89 89 90 89 85 93 87 82 88 92 93 82 79 75 76 87 83 82 88 86 84 83 83 80 87 91 85 83 89 90 89 82 81 81 83 82 118 105 181 208 149 110 103 
101 89 119 128 133 128 108 118 116 95 79 78 89 120 126 124 110 125 136 123 113 84 55 56 55 54 68 195 233 234 234 233 234 234 231 218 205 196 193 185 167 150 148 157 163 160 151 140 119 94 81 86 94 81 81 75 82 83 81 80 81 81 87 86 87 84 86 89 86 84 83 87 89 78 75 87 84 95 82 77 86 87 82 80 82 83 82 81 82 87 79 85 81 81 88 95 84 87 88 84 77 80 80 88 88 86 86 84 83 83 83 84 84 86 85 81 80 87 88 86 80 87 108 107 201 198 137 107 
109 95 94 126 135 134 113 111 128 132 127 117 83 76 76 96 121 112 112 108 116 89 56 57 56 56 64 185 232 233 235 236 238 229 223 234 234 228 214 201 194 191 179 161 150 154 162 162 156 145 132 115 99 89 78 73 83 87 87 84 83 80 84 87 87 87 83 84 86 84 90 89 88 83 73 77 88 91 91 75 76 82 90 84 85 80 84 89 87 89 85 84 83 83 85 90 88 85 88 86 80 84 84 76 77 88 91 86 83 84 83 84 84 82 86 87 86 83 82 85 88 83 85 104 124 214 186 126 
103 104 103 98 130 129 117 105 120 133 133 135 122 121 106 79 75 88 92 119 122 93 59 56 56 57 61 175 233 236 236 237 239 230 176 169 213 227 236 227 220 208 197 193 189 174 157 153 160 165 161 153 143 129 108 82 69 71 83 87 86 86 85 83 84 87 89 89 88 88 85 90 91 90 81 76 81 86 93 90 86 85 85 83 86 84 85 91 91 87 90 87 82 82 88 91 93 87 82 81 81 85 87 90 79 80 87 88 87 85 91 87 88 90 89 87 86 89 90 86 78 78 81 95 100 148 217 171 
73 69 93 100 98 102 123 115 102 129 135 135 127 120 135 127 120 104 77 74 97 86 58 57 56 57 57 168 231 228 239 238 226 221 128 22 64 124 174 202 216 235 229 215 202 195 194 184 166 154 156 165 163 153 144 131 111 89 82 78 84 88 85 87 84 82 88 89 85 85 86 86 86 90 87 81 80 91 89 94 87 87 82 87 87 88 83 85 91 84 92 88 80 79 85 93 90 86 83 85 79 85 86 91 87 85 85 76 76 87 90 85 85 83 87 91 86 79 80 88 88 86 80 72 110 105 171 214 
110 99 71 72 76 98 120 124 115 105 130 141 130 119 127 133 132 137 120 94 78 58 57 57 55 56 51 111 217 214 224 235 215 213 141 17 13 15 32 91 142 198 224 230 232 223 209 198 196 192 176 157 153 161 161 153 151 143 129 105 88 84 80 85 83 87 89 85 87 85 87 82 85 85 88 82 79 86 90 91 89 85 82 92 86 85 82 83 88 86 87 92 84 78 81 90 89 87 85 88 80 84 85 86 87 85 90 89 78 75 76 81 91 87 82 86 89 83 82 79 83 89 93 89 93 110 105 197 
85 106 122 123 95 56 67 85 104 120 108 122 114 124 121 128 133 135 131 114 120 102 58 56 54 53 37 23 50 119 192 223 218 209 144 22 19 20 19 14 19 54 182 227 233 233 235 230 218 203 198 197 179 148 143 154 157 162 156 148 136 116 93 85 89 94 94 88 89 86 86 88 84 87 89 89 82 83 89 87 94 90 88 89 89 84 90 95 88 90 88 87 85 89 96 89 86 78 78 86 81 81 87 89 87 87 91 88 87 84 78 71 77 81 86 89 89 83 83 85 84 84 82 84 85 96 106 114 
65 87 104 132 131 101 105 87 65 73 94 98 120 132 127 118 130 135 135 116 116 119 61 56 50 33 23 23 20 17 36 93 155 198 160 25 19 20 20 19 16 30 184 232 234 233 227 225 235 234 220 207 198 177 184 174 156 156 165 167 158 145 139 114 85 87 93 97 89 87 84 89 90 86 84 89 85 80 83 91 92 93 88 88 90 85 82 86 89 88 82 84 84 88 99 88 92 88 83 82 74 74 84 94 91 88 94 87 88 86 90 87 77 81 79 84 88 88 84 82 82 84 78 78 86 82 85 101 
63 71 89 116 136 115 118 131 113 102 87 66 82 111 121 132 112 127 133 111 111 113 65 46 28 23 24 24 24 24 22 17 21 59 87 23 18 18 18 17 22 38 172 231 235 226 160 208 209 204 209 229 229 211 197 197 199 187 170 161 163 160 155 133 75 77 84 95 96 85 90 88 91 86 84 81 91 86 87 89 92 91 86 92 88 80 79 98 112 109 110 103 88 84 100 104 94 87 87 82 86 83 84 89 86 87 88 89 86 85 89 94 88 79 80 85 89 82 86 90 88 94 85 76 83 86 79 91 
71 65 81 119 134 118 109 126 126 127 135 105 62 57 59 94 119 109 100 107 116 106 62 25 21 23 24 24 24 24 24 22 22 22 16 16 17 17 17 21 32 38 155 234 235 232 205 222 208 116 120 196 227 234 230 219 203 198 202 199 183 171 192 135 58 69 76 87 92 86 84 89 88 90 84 89 85 91 88 83 92 95 103 90 94 115 142 211 218 218 221 203 136 113 104 110 117 107 102 82 89 94 84 88 88 84 83 87 85 87 85 93 89 88 82 73 79 83 87 88 88 94 94 92 84 79 80 82 
61 105 104 104 107 113 116 111 130 125 133 125 92 89 77 58 59 79 90 117 117 117 97 87 62 34 22 22 23 24 22 28 59 41 18 11 9 19 22 28 39 40 134 226 235 236 222 220 213 102 7 40 107 179 215 227 232 225 212 204 207 223 217 150 49 37 47 68 86 88 91 85 84 86 92 93 91 88 89 81 88 115 150 182 212 226 212 226 233 231 230 230 230 225 212 189 149 119 110 85 85 87 83 87 88 86 83 88 85 86 95 84 87 89 90 83 78 78 84 86 86 86 84 85 90 94 86 81 
56 63 87 88 95 123 122 113 111 126 131 132 98 91 100 101 91 83 61 66 84 101 117 100 111 83 61 38 24 22 36 67 82 63 26 15 9 23 28 36 43 41 117 219 234 236 223 224 216 116 12 15 11 28 76 150 206 223 234 232 217 220 219 177 91 80 61 38 37 56 81 90 86 86 82 84 89 85 88 110 169 216 232 235 236 235 225 223 231 230 229 229 227 229 237 237 237 228 199 158 108 77 65 84 87 86 85 87 76 82 90 91 89 86 84 91 91 78 85 88 82 83 84 82 84 86 85 90 
105 102 85 69 65 92 112 120 113 105 125 123 101 91 104 106 107 111 97 91 71 57 72 93 88 85 101 84 60 57 74 82 76 71 35 18 9 24 33 41 45 41 110 226 234 237 226 209 208 133 18 16 17 16 12 17 71 209 236 234 229 217 220 191 99 83 90 92 64 41 34 49 70 68 73 90 84 99 169 225 234 234 236 231 216 208 227 221 231 230 229 232 195 151 165 186 207 224 236 238 230 202 138 85 71 81 87 84 80 82 89 90 89 92 84 89 89 85 84 83 86 91 83 82 83 84 86 82 
102 114 125 120 79 66 64 71 102 104 90 92 110 98 90 109 108 114 106 102 110 97 76 69 64 71 90 91 82 74 79 83 75 74 49 21 9 24 37 43 46 43 94 223 233 238 213 203 213 145 21 16 17 17 15 13 45 203 239 236 230 217 223 195 105 109 96 84 55 56 64 46 34 51 62 112 141 127 151 190 224 226 202 171 150 172 227 220 232 231 229 232 196 130 122 114 118 135 162 199 224 237 237 215 150 93 76 78 83 84 90 92 84 91 95 89 83 91 94 86 79 81 88 88 85 83 84 88 
87 97 100 109 107 107 108 85 70 69 70 96 118 109 94 89 112 123 113 97 106 107 99 103 93 65 59 55 68 76 71 70 80 78 66 27 10 26 40 43 47 47 79 219 232 237 215 213 217 160 24 14 15 14 14 25 50 190 240 236 231 220 229 196 83 92 110 66 63 43 37 50 44 49 93 157 126 129 135 123 126 129 111 107 144 197 224 221 232 230 229 232 198 119 119 126 122 115 106 106 132 173 212 233 237 218 152 80 67 82 88 94 81 92 99 89 84 93 94 95 92 76 77 82 87 87 85 88 
82 104 111 108 100 89 104 108 106 108 89 55 71 95 99 92 87 103 99 105 96 109 98 102 108 94 93 78 57 52 58 67 85 88 73 40 12 26 43 45 49 49 72 213 235 236 231 217 220 181 25 12 13 14 20 36 48 177 240 237 233 221 237 205 80 39 37 52 62 48 46 55 46 48 137 195 155 110 78 112 130 124 109 73 104 186 226 225 233 230 230 232 201 100 87 87 96 107 115 116 107 100 118 162 207 231 238 211 129 83 80 89 93 93 96 89 86 90 87 93 94 89 78 80 85 82 83 86 
117 119 109 113 112 93 84 93 89 101 113 77 57 60 55 70 78 74 97 107 97 92 104 101 112 95 93 95 83 81 66 48 60 82 70 50 12 26 45 46 50 50 68 202 236 236 232 219 223 192 29 9 17 19 28 39 45 165 230 235 236 223 238 211 80 16 31 37 30 36 53 56 48 45 124 204 191 171 126 134 116 114 131 134 112 97 141 187 226 235 233 231 221 165 144 121 100 85 84 94 106 113 112 104 117 162 211 235 234 177 136 117 88 92 96 85 86 93 92 90 92 90 89 78 84 91 88 82 
123 119 131 129 106 97 99 102 109 95 95 81 59 65 60 61 60 62 80 97 95 93 84 99 103 88 89 90 86 88 91 73 70 65 51 42 13 25 46 47 50 51 62 191 234 236 232 220 224 195 45 7 22 26 34 39 36 94 189 222 230 225 229 215 94 -0 14 33 22 39 52 53 46 41 127 218 217 201 183 187 181 159 130 117 123 119 112 111 128 165 208 226 231 212 204 204 183 156 124 95 83 87 104 117 117 108 126 177 220 235 221 209 145 99 89 91 87 95 95 92 89 87 87 82 79 83 89 88 
198 183 146 119 118 119 117 98 103 105 114 95 60 59 57 58 62 57 48 54 59 81 85 73 69 89 92 82 88 84 91 81 81 84 70 61 17 22 47 49 50 51 57 184 232 236 234 219 224 199 62 5 24 31 37 34 24 18 30 80 147 186 216 222 114 6 13 27 8 34 52 52 45 34 120 207 200 224 224 211 194 190 189 172 144 123 118 130 128 113 107 113 173 161 103 137 175 205 205 180 142 104 85 92 112 126 123 118 146 199 216 232 229 172 97 90 91 94 93 90 92 84 83 86 84 77 84 88 
143 177 198 198 172 137 118 120 116 109 104 95 81 51 56 51 54 52 45 51 48 44 49 55 69 92 92 90 78 83 92 84 75 89 82 82 42 20 47 50 51 51 52 170 218 236 235 221 226 204 75 3 26 33 29 21 21 22 20 17 19 40 100 163 125 23 27 31 7 30 52 52 44 25 63 162 194 206 211 221 226 214 196 187 186 184 166 141 130 133 128 110 106 96 67 63 65 78 120 174 206 189 147 108 90 103 124 132 130 173 214 229 233 234 189 109 93 96 89 81 92 90 81 83 87 82 79 88 
89 103 127 158 188 203 192 159 126 117 123 125 110 74 56 51 50 50 37 44 49 48 48 49 42 47 62 80 85 73 76 68 75 85 92 78 61 21 48 51 52 53 50 158 228 234 236 221 225 212 92 1 26 25 19 19 21 21 21 22 22 20 16 40 61 44 51 41 10 27 51 52 34 19 26 35 68 126 185 208 206 230 228 214 181 182 193 198 185 159 138 124 125 121 102 92 87 79 68 61 90 156 203 188 143 105 95 111 173 204 215 230 233 230 237 180 92 99 88 82 82 92 91 85 88 86 88 88 
137 107 89 91 109 140 172 196 202 181 145 121 127 134 122 92 65 45 34 37 46 44 46 52 44 36 35 40 54 63 59 73 82 81 93 80 71 24 48 52 53 53 49 147 233 235 236 220 224 219 107 1 12 16 18 19 20 20 21 21 21 26 41 62 65 47 55 49 12 25 49 36 25 29 34 35 32 28 46 186 222 229 229 223 205 208 209 195 193 199 195 176 151 138 128 112 102 83 72 94 72 59 84 157 199 175 133 128 178 201 214 227 232 231 233 220 120 88 88 89 88 92 90 88 86 82 88 90 
134 142 142 124 96 88 101 122 151 181 200 197 167 134 121 131 126 85 53 43 39 43 40 47 45 38 41 40 38 39 45 59 75 79 93 88 71 24 48 53 53 54 48 135 231 236 236 223 225 220 120 3 5 5 8 13 17 19 20 20 27 52 61 63 59 50 51 47 12 19 30 28 31 31 34 36 34 31 40 163 228 228 228 223 202 198 196 211 214 194 181 196 205 187 117 131 136 113 96 105 108 98 77 59 142 227 210 166 175 198 219 223 231 229 231 232 220 129 77 83 90 91 84 85 88 83 86 92 
199 174 142 133 139 124 105 86 84 102 129 161 189 202 189 155 122 100 97 86 60 45 39 42 43 34 35 36 37 42 42 34 40 48 77 99 74 26 47 53 53 54 49 123 227 235 236 225 224 219 137 9 5 5 5 6 11 17 22 33 62 69 61 63 64 46 55 48 13 8 13 22 26 29 32 30 29 37 49 141 226 226 225 215 185 193 194 192 201 205 202 203 193 189 179 199 188 167 153 133 110 96 104 97 106 167 214 183 174 201 219 220 231 228 232 229 229 222 127 81 94 90 93 85 89 91 84 90 
94 143 189 193 158 130 130 134 122 96 80 85 107 137 167 193 186 141 116 98 93 83 70 55 42 32 31 32 34 36 38 34 35 32 40 64 66 28 45 54 54 54 49 113 225 233 236 226 223 218 151 15 5 6 5 7 11 20 41 57 57 72 73 64 58 49 58 50 16 8 9 11 36 68 32 25 33 46 49 129 225 225 224 205 146 161 93 90 153 183 179 198 215 212 188 188 203 212 205 186 165 145 115 92 79 78 146 191 172 201 216 220 233 230 231 228 208 227 224 133 92 96 92 89 92 89 85 85 
93 83 78 109 161 195 179 145 125 132 132 110 85 77 88 111 131 136 149 149 130 104 93 89 80 74 57 38 34 30 34 34 32 34 33 37 34 19 43 55 54 54 50 102 223 232 236 228 223 219 165 20 10 12 12 11 14 18 38 63 63 61 63 71 66 46 54 55 23 16 15 13 72 98 43 29 40 52 53 121 224 225 228 207 132 152 84 30 37 63 100 157 184 197 206 212 205 195 199 213 215 200 180 157 117 91 147 191 175 203 212 223 233 229 230 231 172 179 228 225 132 71 86 89 89 83 88 87 
74 84 84 83 72 83 128 176 194 164 130 122 130 123 98 78 73 83 99 119 137 144 140 119 101 109 110 97 70 47 37 32 30 31 30 34 34 17 41 56 54 54 52 89 220 231 236 230 220 220 184 26 16 19 21 22 28 29 36 54 60 63 62 62 65 51 59 55 32 33 22 21 52 70 46 35 46 55 56 111 222 227 229 206 137 153 90 41 39 38 37 48 85 134 168 189 208 221 216 200 195 207 218 210 182 165 116 74 118 183 209 227 233 229 230 234 183 127 182 229 224 136 76 94 86 93 85 85 
64 65 36 61 74 78 52 60 92 147 188 188 151 122 122 122 102 81 67 70 83 101 121 137 156 164 131 109 108 101 82 56 37 28 28 31 35 19 39 56 55 55 54 79 216 233 236 231 219 223 192 42 20 23 24 24 29 32 40 65 60 53 61 69 65 48 63 60 52 61 37 25 28 40 36 41 51 57 57 104 220 229 230 207 143 163 91 43 44 43 45 45 41 41 56 101 150 186 208 222 221 207 197 203 206 187 155 111 58 57 108 175 227 235 233 236 182 130 130 184 230 222 131 87 98 99 90 93 
67 67 29 13 18 58 70 52 47 49 67 110 162 193 174 127 98 103 104 91 71 64 68 82 114 161 182 177 145 110 99 100 71 39 29 27 30 23 37 57 56 57 55 73 205 232 236 231 220 224 195 63 26 30 31 27 30 31 36 61 66 70 65 57 61 57 68 59 78 91 56 18 10 15 24 47 54 59 59 93 192 225 232 210 143 153 93 43 46 45 46 45 45 44 41 38 44 77 132 181 201 224 229 209 190 191 148 71 99 115 85 59 86 154 212 239 188 109 135 129 190 231 218 122 100 94 96 98 
64 63 53 22 23 25 68 75 74 65 52 51 54 76 129 154 145 127 102 94 101 100 82 65 62 74 99 132 164 174 159 121 73 55 47 39 32 23 35 56 53 57 57 69 182 225 237 232 221 225 198 75 23 29 30 29 34 37 39 68 62 61 66 67 56 48 68 65 98 110 79 21 6 6 21 52 57 60 61 81 198 230 232 206 115 157 96 34 38 43 42 40 41 42 42 42 42 36 29 63 198 215 234 227 191 191 169 122 53 46 92 125 117 73 67 124 152 99 108 134 133 198 234 209 111 94 102 94 
139 92 59 39 45 49 74 79 74 74 72 69 61 51 46 55 76 111 138 136 113 93 94 105 100 74 59 59 76 101 134 152 103 83 65 51 47 29 35 99 96 70 61 63 184 231 236 233 220 220 196 86 26 34 40 39 39 37 36 67 73 62 56 57 57 50 66 60 113 124 97 29 5 5 20 56 59 61 62 80 207 231 231 204 127 174 105 33 23 24 33 61 46 36 36 38 37 32 29 52 192 221 232 228 193 184 165 123 122 122 82 48 67 127 134 94 58 60 79 105 135 138 170 203 188 110 98 93 
214 193 139 69 53 52 64 78 80 73 75 76 60 41 53 36 44 48 59 84 119 138 127 113 102 105 102 80 57 50 56 68 67 73 81 74 35 27 48 124 159 149 126 99 189 230 236 235 208 208 202 97 31 53 66 73 73 67 51 61 59 61 64 64 60 47 60 58 122 135 98 30 8 6 17 61 59 62 63 75 204 231 233 213 155 177 109 37 23 31 50 98 103 84 58 38 26 28 41 59 178 219 232 229 194 186 155 56 49 81 121 155 127 73 55 97 126 75 46 48 98 92 131 156 162 138 120 103 
191 206 213 194 151 94 72 78 78 73 76 81 65 19 17 18 25 31 39 48 49 63 95 160 175 138 101 90 90 84 62 44 38 41 41 29 35 54 52 108 160 180 175 176 211 227 235 236 205 219 208 125 65 83 80 70 72 73 68 72 71 66 63 66 65 57 67 58 146 156 97 28 11 6 16 63 59 63 65 72 201 224 229 217 162 175 101 42 39 53 56 71 114 145 128 106 74 53 50 56 166 218 232 230 196 193 152 59 55 85 65 66 109 156 154 95 40 50 75 90 116 139 163 128 142 158 164 143 
94 134 165 200 213 192 124 74 80 76 75 75 66 41 20 16 20 36 32 33 35 40 39 50 85 138 172 156 114 85 79 69 39 23 20 41 58 57 50 109 186 174 171 203 212 223 235 237 218 221 215 143 66 71 80 82 84 83 63 59 64 67 75 74 63 51 67 61 157 200 125 29 11 7 14 61 64 64 66 71 167 174 164 203 172 139 113 105 96 82 57 106 180 154 153 140 107 86 74 49 150 194 223 229 195 195 150 66 67 94 78 47 49 60 84 99 72 44 95 156 184 209 178 114 100 135 146 166 
80 55 56 81 136 186 139 66 69 71 74 78 69 52 37 39 47 66 64 48 35 31 36 40 35 36 56 104 152 168 103 46 19 17 45 59 56 56 49 111 215 206 192 219 206 225 236 237 221 224 214 154 88 80 85 90 88 99 74 68 66 72 68 69 69 56 70 60 137 214 128 33 13 7 10 59 67 64 66 66 156 138 111 215 178 148 106 112 136 138 143 186 211 186 168 153 137 117 105 37 82 140 165 192 193 199 153 129 63 77 121 74 32 41 53 48 65 133 161 195 211 195 197 182 169 170 147 135 
179 154 107 60 40 66 84 76 75 68 69 70 72 57 41 50 49 56 71 69 63 61 51 40 40 44 45 48 51 76 51 17 14 12 48 59 57 56 50 95 203 217 214 218 211 235 235 236 222 217 191 167 150 130 115 110 104 100 81 64 67 76 77 71 62 51 70 65 113 217 126 29 17 6 8 62 75 68 66 67 125 160 183 226 186 167 163 146 132 145 186 193 203 198 197 193 180 173 118 44 36 39 55 101 152 171 140 198 152 52 66 51 32 23 30 62 108 171 204 209 200 222 232 223 209 199 191 178 
175 182 183 167 95 43 47 70 75 72 79 76 68 54 43 52 52 48 64 66 66 73 73 46 14 19 39 59 55 17 5 22 31 18 43 60 57 56 52 81 220 225 215 205 215 234 234 235 222 204 166 176 174 163 152 144 117 106 86 66 71 71 68 72 68 54 66 58 79 213 140 24 26 4 7 60 80 74 68 65 150 201 196 201 205 174 177 186 188 186 211 201 211 230 217 199 205 187 136 66 64 57 46 40 46 72 75 166 190 87 49 76 95 73 55 66 106 205 207 205 229 236 235 236 237 233 221 206 
151 161 170 175 87 54 46 77 75 69 72 75 79 53 29 48 54 43 59 67 67 63 60 54 26 20 24 47 55 19 6 30 59 47 48 60 58 58 55 71 212 222 237 235 234 235 235 235 222 213 188 166 167 172 163 163 122 82 72 67 75 79 71 66 59 50 70 80 87 188 162 23 27 6 6 55 82 76 69 62 158 192 93 174 213 199 209 213 200 194 202 199 228 233 238 225 201 190 146 52 52 62 66 65 59 43 58 144 159 111 61 58 111 85 65 62 102 207 213 232 237 237 237 238 238 232 236 236 
111 128 141 102 41 52 51 72 81 82 78 71 68 55 46 42 57 62 66 64 67 62 51 49 42 32 50 42 52 23 6 11 22 43 70 59 59 60 58 43 76 138 194 227 238 239 237 236 231 208 208 206 195 177 168 195 131 76 64 66 73 80 80 71 63 49 63 74 135 140 175 26 26 8 7 53 81 78 71 64 123 190 126 203 215 197 200 211 226 227 218 216 227 133 181 207 205 190 153 42 36 39 45 53 50 36 106 123 115 103 126 54 50 45 62 62 86 208 234 235 236 238 241 239 235 231 216 229 
64 82 91 59 47 69 57 78 76 76 79 78 77 63 45 53 58 63 77 75 67 66 60 53 48 41 56 49 57 33 15 14 13 16 40 61 60 56 36 22 16 19 40 93 153 203 230 240 238 233 219 207 208 218 213 212 139 70 67 73 69 64 72 71 70 55 66 62 149 147 133 43 21 8 7 50 70 76 73 65 115 204 215 219 205 190 196 185 190 213 228 236 236 154 181 226 183 186 155 33 23 32 31 20 11 23 91 112 111 93 151 91 42 44 61 63 82 217 234 236 238 241 238 233 233 150 73 125 
55 73 73 46 38 72 56 74 76 78 84 78 73 67 51 58 63 55 67 76 69 65 68 63 50 49 55 42 59 44 20 16 15 15 38 61 50 28 20 21 21 20 19 15 21 49 108 172 220 239 240 235 228 215 218 216 152 83 74 67 68 67 72 73 72 51 62 60 127 214 109 54 45 25 10 46 89 77 74 64 118 220 235 221 193 156 172 120 94 144 188 209 221 233 211 193 167 175 155 54 10 14 17 27 19 23 83 130 117 91 120 95 41 43 60 64 77 204 234 237 239 241 230 210 96 34 33 31 
86 88 81 46 33 50 64 68 65 67 82 86 81 64 36 38 64 56 72 71 65 61 66 67 41 31 57 45 63 54 26 20 17 18 42 44 24 20 21 20 21 21 21 21 20 19 15 27 65 128 190 222 239 236 216 220 163 87 78 72 72 72 70 69 67 53 53 52 110 225 186 80 58 50 38 54 94 79 71 63 105 215 234 224 189 97 135 91 27 31 59 114 189 174 170 182 172 162 146 84 29 11 23 41 63 53 77 137 176 109 70 47 42 43 58 64 74 191 235 236 238 232 222 164 35 34 35 36 
155 118 89 67 45 51 59 79 81 79 72 74 78 69 50 39 63 50 68 70 70 67 65 59 50 40 47 43 53 55 33 23 21 15 14 11 16 20 21 20 20 20 20 21 21 21 22 20 17 17 34 78 137 203 223 221 174 85 75 69 72 77 75 73 68 65 54 67 88 212 187 72 31 37 35 51 92 87 69 61 95 213 233 227 197 109 159 102 33 28 23 32 172 154 136 226 159 161 155 98 62 20 12 31 54 52 73 105 145 112 72 51 41 42 56 65 71 179 235 237 236 214 214 171 40 32 33 34 
135 169 170 144 112 88 63 67 74 76 78 81 79 65 51 52 63 55 76 72 68 69 71 68 53 45 56 44 58 58 39 22 20 17 12 8 7 10 13 17 20 20 20 20 20 21 22 22 21 21 20 17 20 44 103 163 172 91 89 81 82 75 74 76 80 76 66 54 67 199 188 83 31 26 16 36 88 91 71 59 83 212 231 229 212 147 165 113 35 22 24 42 152 221 193 199 172 192 162 107 81 53 14 13 22 18 86 114 95 87 82 61 41 42 54 65 67 155 234 237 234 220 220 182 39 29 29 34 
128 93 97 138 180 182 147 108 89 77 73 71 75 69 42 46 58 48 74 76 70 65 64 66 47 40 58 43 52 58 41 21 20 19 16 11 9 8 10 10 11 15 19 20 21 21 22 21 21 21 22 22 22 20 15 32 72 74 73 71 83 86 82 83 77 76 77 73 69 174 210 104 34 31 11 23 77 90 73 60 74 209 230 232 217 157 164 125 35 21 33 44 138 198 217 207 181 185 165 111 92 78 35 9 10 17 106 146 93 83 87 64 41 42 52 65 63 155 240 237 235 221 217 185 41 32 76 36 
196 187 155 111 90 107 149 179 171 141 104 79 78 70 53 36 59 47 63 68 61 61 64 65 54 38 42 47 55 61 42 21 18 18 11 10 13 13 30 29 19 12 11 13 16 19 21 21 22 22 21 22 23 22 29 59 77 80 72 76 72 74 80 86 90 83 72 69 76 188 231 110 8 12 21 36 79 110 107 86 76 200 232 232 220 162 164 136 42 27 42 44 91 157 186 204 188 180 166 110 97 72 22 10 11 17 93 185 120 86 91 66 44 42 50 65 61 146 233 239 236 193 197 186 55 21 87 63 
153 168 187 196 182 142 97 83 118 162 181 162 121 82 60 50 65 53 71 74 69 63 61 62 50 35 37 39 49 57 42 21 16 11 11 16 17 15 40 50 46 30 11 13 12 11 14 18 21 23 23 23 24 41 66 74 74 76 76 79 78 80 75 70 78 79 76 78 75 194 236 122 8 31 49 44 68 125 152 142 148 213 231 233 223 168 167 143 46 33 42 39 35 50 87 127 159 165 140 111 70 24 10 10 10 17 81 183 123 89 93 68 46 44 50 65 61 140 206 227 237 174 211 189 64 14 24 50 
113 126 142 160 178 194 192 169 133 94 90 136 174 170 148 118 89 70 66 64 68 71 71 65 53 35 48 48 41 50 33 7 12 15 19 18 20 14 35 61 59 39 17 19 14 14 15 12 12 16 20 22 34 62 76 75 75 85 84 75 69 72 76 70 80 76 71 67 71 175 239 139 37 57 54 41 96 180 146 153 186 197 224 236 225 179 168 153 61 34 39 39 38 41 37 34 49 79 88 77 26 14 11 11 10 17 68 170 112 90 92 71 48 44 49 66 65 89 156 221 238 214 218 197 71 12 15 37 
89 93 104 120 132 146 162 183 199 192 166 126 97 105 145 184 182 152 114 83 69 64 60 62 46 21 43 55 41 42 25 6 11 17 17 11 15 13 26 44 51 40 16 13 15 23 30 25 20 14 12 12 29 44 51 56 65 78 83 78 72 72 71 71 71 77 81 78 75 169 237 138 55 59 55 41 108 207 190 178 192 211 232 235 225 184 161 153 63 37 39 40 41 46 47 35 32 28 30 28 23 22 14 8 8 16 54 178 118 91 95 76 52 44 49 64 65 87 179 234 148 186 217 208 84 7 15 22 
87 87 88 89 95 104 113 134 155 170 191 202 194 163 119 92 105 148 185 171 130 97 80 63 41 29 29 44 43 48 29 8 10 16 16 14 12 12 30 54 51 40 15 15 17 21 29 32 35 46 35 22 16 20 33 43 48 55 58 63 61 60 73 81 80 68 68 77 73 148 238 142 55 60 56 43 87 201 199 191 188 217 235 235 225 190 145 118 111 105 82 56 42 48 49 37 36 40 30 28 28 49 77 52 29 17 47 186 122 94 97 80 54 45 47 63 64 100 196 235 168 157 200 211 96 3 15 14 
136 108 92 86 85 83 84 93 106 121 142 163 179 196 201 185 144 100 84 108 152 178 162 134 89 52 43 45 39 51 35 13 11 13 15 15 12 12 24 47 52 48 19 13 16 26 30 35 43 52 51 55 37 24 20 18 25 39 51 56 56 57 56 61 75 73 66 77 64 133 234 154 57 60 54 40 87 214 224 213 199 226 234 234 225 195 154 101 95 125 147 136 96 72 54 41 54 109 46 49 44 49 126 141 132 97 75 165 128 97 98 85 58 46 46 60 64 81 162 234 244 213 186 194 108 14 21 14 
133 156 157 131 102 84 86 87 85 88 99 116 134 149 165 177 188 191 175 129 95 87 122 167 191 165 121 79 49 46 31 17 14 13 12 13 15 13 22 47 44 42 19 11 19 28 31 31 36 39 45 55 55 35 43 41 28 19 20 30 41 53 55 56 61 66 65 78 75 117 220 158 60 59 53 40 76 205 219 230 226 231 233 234 224 204 165 153 131 113 103 112 131 138 131 112 84 95 49 48 44 44 152 114 111 134 139 117 91 98 101 91 62 47 45 57 65 68 135 235 193 179 177 188 124 19 23 15 
163 131 119 137 156 153 126 99 85 88 90 90 94 103 117 129 143 159 177 186 190 169 132 97 91 131 173 182 153 109 65 25 13 11 13 10 11 13 18 47 50 44 23 11 16 18 24 27 33 40 47 52 57 43 29 38 35 34 30 20 12 20 33 47 57 67 78 74 65 81 126 103 59 58 52 41 41 128 165 204 222 228 231 235 225 211 189 183 180 171 156 114 78 104 120 141 142 120 83 54 40 39 165 149 120 104 94 121 116 104 100 94 65 47 44 53 63 76 197 236 158 117 221 205 138 14 10 14 
227 221 197 157 121 119 144 159 149 120 99 90 89 88 85 85 94 115 127 143 164 182 195 193 162 116 85 96 142 182 178 131 74 40 16 10 8 11 17 43 49 47 25 8 14 18 18 17 22 35 45 49 48 36 26 30 30 31 24 15 7 7 9 13 24 40 65 96 92 71 74 75 61 61 45 23 19 22 41 81 129 177 202 222 217 211 209 217 218 206 192 162 133 151 129 107 105 119 133 125 93 69 182 195 173 153 135 130 153 109 101 99 71 49 40 44 64 71 182 224 231 205 228 220 151 12 6 11 
217 230 231 228 217 190 150 119 122 149 161 146 115 91 79 77 77 81 83 99 118 138 156 170 181 187 180 150 109 87 112 153 178 161 120 74 32 13 10 41 54 48 24 10 13 12 17 23 21 22 34 34 26 21 21 18 19 25 40 34 21 13 12 7 11 17 18 36 63 86 62 71 65 48 27 26 28 26 25 22 26 45 87 121 171 194 207 219 229 230 228 213 194 190 181 166 141 115 99 99 128 157 194 223 226 210 184 179 170 120 102 103 76 48 40 45 61 67 191 229 238 228 213 214 163 17 5 9 
85 137 189 221 231 231 227 213 184 145 121 129 151 155 131 100 80 73 75 80 84 92 107 126 137 148 164 182 191 182 148 103 91 120 163 191 169 119 61 28 29 38 27 8 9 18 29 36 38 27 18 21 31 36 39 45 55 63 72 69 58 42 35 24 17 18 17 15 12 21 33 62 41 29 27 27 27 26 26 26 26 24 21 26 52 100 151 186 201 216 227 230 226 225 215 199 185 171 151 127 146 192 198 230 232 229 205 190 176 128 102 106 79 52 46 48 58 61 183 229 238 230 167 206 180 53 6 8 
49 47 59 93 145 196 224 231 231 228 212 176 137 112 121 144 145 122 98 81 78 79 79 81 89 103 123 142 156 177 192 192 178 137 103 98 132 175 191 166 108 56 31 6 9 19 39 53 66 76 88 97 119 130 143 149 144 125 106 96 91 95 82 59 49 32 20 14 10 5 10 16 14 18 24 27 27 27 26 25 25 25 26 26 23 22 33 70 123 168 199 210 219 228 232 229 221 207 188 176 174 191 223 234 233 230 212 192 178 131 105 110 82 61 55 60 70 71 175 230 237 234 207 219 190 83 30 6 
52 52 50 46 48 62 102 156 205 228 232 231 225 202 162 122 104 127 149 147 120 92 73 67 66 71 79 93 111 136 151 164 179 188 191 176 135 102 102 143 185 183 146 92 82 106 135 151 167 188 192 182 175 175 176 180 182 182 184 188 200 194 184 175 157 130 97 67 39 18 15 13 13 12 12 13 18 23 26 27 27 25 25 25 26 27 25 22 24 42 90 143 181 203 211 219 226 228 223 214 201 199 226 233 234 232 203 157 180 135 107 111 84 57 51 59 71 75 164 233 237 238 220 219 198 81 63 19 
52 52 51 52 52 50 47 50 69 112 167 212 229 230 226 218 192 156 122 115 134 146 132 97 73 64 66 68 73 84 94 115 137 150 167 183 193 194 169 133 105 117 154 185 179 158 141 131 118 110 108 112 117 121 124 125 126 125 123 119 120 124 135 151 167 183 201 188 156 117 74 46 23 16 14 13 12 13 13 17 22 26 27 26 26 25 25 26 26 25 22 26 49 99 154 191 204 208 216 221 223 225 231 233 234 235 192 161 189 143 108 110 84 52 43 47 55 61 151 233 236 238 221 223 204 67 51 63 
52 53 53 52 52 52 52 53 51 48 51 74 121 173 213 227 223 224 217 192 149 112 101 119 135 124 95 72 67 65 68 73 80 96 118 138 157 171 183 197 196 167 130 104 91 100 112 137 154 169 180 188 193 199 200 197 199 206 205 204 202 197 186 166 146 126 110 124 152 183 184 139 89 56 34 19 14 16 15 13 10 12 17 23 25 27 26 25 26 26 27 27 26 23 30 59 113 166 184 182 202 212 225 234 234 234 217 190 191 148 107 110 89 55 41 43 48 51 134 231 235 238 223 212 197 78 16 66 
51 54 54 53 53 52 52 52 52 53 53 52 48 52 76 126 179 217 231 230 225 210 173 126 98 104 127 139 120 87 69 64 65 70 75 81 101 118 139 158 176 187 195 182 158 171 172 176 176 177 172 168 163 162 162 158 153 157 168 175 179 184 192 202 206 205 193 166 127 99 110 149 158 143 110 73 48 31 26 40 45 26 12 9 13 18 24 27 27 26 25 26 26 27 28 25 23 35 60 114 167 185 192 204 221 230 221 192 191 150 108 112 93 57 39 41 44 50 67 192 232 237 225 192 173 165 129 78 
43 48 51 53 53 53 52 52 53 53 54 54 54 53 48 44 54 87 141 193 222 229 222 215 197 164 121 100 107 129 136 110 82 67 65 69 71 72 84 102 121 135 155 170 145 140 135 134 130 131 127 125 119 115 119 115 110 110 115 120 131 137 142 151 160 169 182 193 195 182 151 111 85 110 150 165 134 102 67 63 76 82 75 42 15 11 11 14 19 25 27 27 27 27 28 28 28 29 28 25 37 74 122 168 190 200 200 185 189 148 108 113 96 59 36 33 27 30 22 93 212 237 227 207 153 185 187 167 
54 48 44 45 47 49 51 52 53 53 53 53 53 53 52 53 51 49 48 59 95 145 193 218 221 218 213 196 154 115 97 111 134 133 106 81 62 63 69 74 76 83 101 122 103 95 91 97 96 98 98 97 96 96 95 97 97 97 97 98 97 99 104 110 114 117 124 134 146 161 174 184 173 135 97 89 121 164 164 129 95 92 94 70 20 15 16 12 10 10 14 19 26 28 28 28 28 29 29 29 28 25 25 39 79 127 162 163 153 120 111 113 99 61 25 26 33 38 40 37 130 225 233 213 183 156 182 166 
68 66 61 54 47 45 45 47 50 51 52 53 52 53 52 52 53 52 52 49 43 40 54 96 149 198 217 221 216 210 187 145 112 100 118 132 124 99 76 66 65 72 81 92 87 76 74 81 84 87 89 93 98 103 107 111 110 107 104 101 100 100 100 101 102 101 101 102 111 129 148 153 167 184 189 167 125 106 113 146 165 149 114 79 42 20 15 12 13 11 9 8 10 15 22 28 29 29 28 28 28 29 30 28 27 29 42 66 77 72 113 114 101 63 30 47 47 41 36 40 52 161 233 222 213 167 171 178 
76 73 71 69 67 61 54 47 43 45 48 50 50 51 51 51 52 52 52 51 50 47 44 38 41 59 104 158 199 218 220 215 209 183 142 101 96 118 133 120 94 81 88 87 86 74 76 92 109 122 138 151 161 168 170 172 174 177 176 168 157 143 129 117 106 102 105 103 100 101 110 112 113 133 162 179 193 198 174 133 107 113 144 159 129 85 48 23 15 11 11 12 13 10 8 11 17 25 29 30 30 29 28 29 31 33 32 29 34 89 118 112 102 72 42 52 50 45 34 38 48 66 187 237 217 206 158 168 
73 76 75 74 72 70 69 66 60 52 46 44 45 47 50 51 52 52 52 52 52 52 52 51 49 45 39 39 62 113 168 205 222 221 215 200 171 131 101 101 124 139 128 100 105 106 109 112 120 127 130 130 137 143 148 151 152 154 155 152 155 159 162 163 165 163 146 122 102 95 94 82 78 92 106 121 152 180 199 206 193 158 119 98 113 143 144 105 60 38 26 23 25 20 15 10 8 8 12 19 27 32 32 32 32 32 32 26 120 187 122 111 104 75 38 43 50 47 37 33 48 43 84 210 235 213 196 147 
26 48 66 73 75 75 74 71 69 67 64 59 51 46 44 46 48 50 51 52 52 52 52 52 52 51 49 44 42 37 42 73 126 179 213 218 216 214 197 163 127 119 125 119 109 97 107 129 155 177 193 205 214 221 225 229 232 235 238 237 226 209 190 173 158 148 156 164 163 132 92 71 75 85 82 87 106 125 148 171 189 199 204 182 139 104 103 131 143 134 99 66 56 43 29 24 17 18 12 9 9 15 25 42 49 40 28 27 126 189 121 110 107 78 41 25 42 45 38 36 42 47 34 117 227 229 209 198 
1 1 8 37 60 72 75 75 75 74 71 69 67 64 57 50 46 43 45 48 49 51 51 51 51 52 52 51 50 46 43 41 39 49 83 133 181 211 214 208 209 204 169 130 146 164 182 195 208 215 220 223 227 231 234 238 241 245 251 257 258 252 249 243 234 220 194 161 129 137 148 135 110 86 82 92 100 104 107 116 133 154 175 188 199 199 179 138 109 112 136 143 121 92 65 52 40 46 34 20 15 12 11 14 37 72 78 56 109 192 126 109 111 85 51 18 19 40 40 39 42 43 38 40 154 235 224 207 
17 15 16 15 15 26 46 64 76 77 77 75 73 70 69 67 62 57 50 45 43 45 48 50 50 51 51 52 51 51 51 50 48 42 33 31 48 89 139 180 209 222 223 207 195 194 195 197 200 202 195 184 176 172 169 167 168 177 187 198 213 227 234 237 242 243 241 235 215 159 114 114 146 156 138 118 105 104 106 105 103 108 120 133 157 180 198 207 201 170 125 106 117 140 142 113 84 64 54 45 39 33 18 12 19 43 73 80 90 127 112 107 117 100 65 18 13 29 39 39 45 43 34 34 57 187 239 233 
23 14 18 21 19 13 10 15 29 49 69 80 78 76 75 73 70 68 66 63 56 49 44 44 46 49 50 52 52 52 52 52 52 50 43 39 36 31 33 51 98 157 207 213 178 145 117 97 81 71 64 61 59 57 57 56 56 59 62 65 69 76 89 113 139 169 203 225 235 228 207 177 143 117 130 160 173 150 124 108 106 105 102 101 107 123 147 169 187 202 204 192 157 117 106 126 147 140 109 85 85 110 85 29 17 21 22 32 56 79 92 96 107 100 52 41 21 11 29 37 46 46 34 34 31 83 206 238 
27 17 15 16 24 16 14 13 11 8 16 32 53 68 77 75 74 74 73 70 67 65 61 54 48 44 44 47 50 49 51 51 52 52 51 49 47 44 44 45 43 47 69 84 60 49 41 41 47 50 52 52 53 54 55 55 56 57 58 58 58 58 57 55 54 59 68 92 137 191 219 221 223 208 177 146 139 156 176 174 145 120 105 106 105 105 106 113 133 157 180 194 205 206 183 143 109 108 132 141 130 122 135 140 88 34 26 26 25 30 40 72 94 99 87 71 40 15 15 31 44 50 40 32 33 23 85 155 
44 28 20 19 23 15 11 15 22 16 13 11 9 15 30 55 74 78 75 73 73 72 69 67 65 60 53 47 44 44 46 47 51 51 51 50 50 50 50 49 50 49 45 43 47 48 49 49 50 50 51 52 52 53 54 55 55 55 56 57 58 58 58 58 59 58 58 55 51 67 119 173 214 226 229 226 214 180 150 143 163 179 168 140 117 109 109 107 104 108 123 145 168 185 199 208 201 174 133 108 113 138 141 128 122 89 37 33 42 93 36 26 33 50 75 85 51 29 15 15 38 50 43 30 25 25 24 35 
57 40 34 34 31 23 15 16 26 15 16 20 17 13 10 10 25 46 63 77 77 75 75 75 72 69 67 64 59 53 47 42 44 47 48 49 48 49 48 47 48 48 48 46 47 47 46 47 48 50 49 50 50 50 51 52 53 55 55 57 57 57 57 56 56 56 56 56 53 43 37 50 86 139 192 224 236 236 229 208 171 141 143 168 182 166 137 116 110 108 107 106 114 131 152 173 191 205 210 197 166 125 106 118 139 139 110 71 47 50 54 54 34 22 26 37 44 35 31 17 24 47 41 26 27 31 31 30 
59 36 21 41 45 35 28 29 29 26 19 23 22 15 19 18 15 13 16 33 47 68 75 78 76 75 74 71 69 66 63 58 52 45 42 43 45 48 48 48 47 47 47 46 47 46 46 47 47 48 48 48 47 46 46 47 47 48 50 52 54 55 55 55 55 54 55 57 53 44 43 45 45 47 63 105 161 210 233 237 233 225 199 162 142 152 176 184 162 131 114 110 108 106 106 116 135 158 179 195 205 207 191 154 116 106 126 144 133 107 106 107 115 94 60 29 20 18 19 22 14 27 32 34 33 31 30 29 
62 42 34 31 47 36 28 43 50 38 30 31 25 22 19 24 17 17 18 13 9 13 22 50 70 78 78 77 74 73 71 69 66 62 56 49 44 44 44 45 46 47 46 46 46 46 46 47 47 48 50 52 52 53 54 54 54 52 50 49 47 48 50 51 52 54 54 54 54 51 48 49 51 53 55 55 59 78 124 178 221 235 237 235 223 194 159 143 159 179 179 153 125 111 109 108 105 109 123 146 167 184 196 207 206 183 141 109 110 134 142 126 109 100 86 77 79 49 27 16 9 6 11 21 29 32 31 30 
63 51 36 41 50 37 27 33 54 43 42 47 42 32 27 26 17 15 20 23 19 16 12 10 16 35 65 77 82 79 78 76 73 69 67 64 60 54 47 42 41 43 44 45 46 48 51 55 58 61 62 63 64 64 65 64 63 62 60 59 57 52 50 46 45 48 50 52 53 54 54 54 56 57 58 60 61 61 60 65 92 139 191 225 238 240 236 220 186 154 145 165 183 176 148 122 110 109 107 106 115 132 154 174 188 200 210 203 172 130 107 115 136 141 124 104 124 115 94 64 34 27 12 6 8 14 21 28 
66 72 66 61 59 43 33 38 53 39 34 47 55 51 52 40 27 19 21 23 14 14 23 19 13 9 12 21 32 62 76 81 79 75 73 70 67 64 60 55 50 44 42 47 52 57 60 63 65 69 72 74 74 75 76 76 77 75 73 69 64 60 59 56 52 46 43 45 49 51 52 53 54 55 56 58 59 60 63 63 61 60 70 100 150 199 230 240 239 233 215 179 149 148 170 184 171 140 117 108 106 105 107 117 137 158 175 192 205 209 195 163 124 107 121 140 136 121 106 103 91 73 67 28 7 7 7 9 
27 43 60 63 72 71 59 57 61 52 47 48 51 32 43 58 47 36 34 31 26 16 24 20 14 22 21 13 9 11 22 35 55 73 77 75 73 70 66 63 59 57 51 53 55 59 64 68 70 70 68 70 72 69 64 67 70 69 71 70 71 71 67 61 58 55 53 49 45 43 45 49 51 52 53 55 56 57 59 61 62 63 63 62 63 75 110 161 210 233 240 238 230 207 168 145 152 177 182 162 133 114 108 107 106 110 122 141 162 178 192 205 209 190 152 115 106 126 138 125 102 74 68 55 17 10 11 8 
53 35 23 26 46 68 77 79 76 67 54 62 57 48 42 55 36 28 49 48 42 33 33 27 16 19 26 16 18 19 14 13 12 26 39 55 70 74 72 69 66 63 58 53 57 59 57 55 53 57 43 34 39 35 37 39 39 29 41 63 66 60 67 67 66 62 59 56 55 52 47 44 43 46 50 53 54 55 56 57 60 61 61 62 64 65 63 65 81 120 171 214 235 240 238 226 198 162 143 157 179 182 157 127 110 107 106 106 113 128 147 163 179 196 207 205 181 141 111 108 128 133 113 85 61 30 14 11 
64 71 68 46 22 21 32 51 69 79 78 70 67 52 52 58 42 31 41 50 40 39 49 47 34 30 27 15 14 25 24 19 19 17 13 12 21 38 58 69 69 66 63 52 44 38 29 27 32 32 23 14 13 12 12 10 11 15 17 32 50 48 49 63 65 64 65 63 60 58 56 54 51 47 44 46 48 52 54 56 57 58 58 60 61 63 64 65 65 63 68 86 129 181 223 238 240 235 221 189 155 143 163 182 177 149 122 108 106 106 109 119 134 150 168 183 199 206 199 172 132 108 113 131 131 104 72 46 
23 29 46 59 62 63 44 27 21 35 51 57 73 77 72 67 54 40 50 52 36 28 50 53 42 53 49 37 24 31 22 17 23 29 21 15 11 8 10 19 40 52 56 40 30 38 25 19 17 13 11 11 10 12 14 13 13 15 13 10 11 16 16 20 46 59 62 64 61 61 63 60 58 57 55 52 47 45 46 50 53 55 56 57 59 60 61 62 64 65 66 65 64 70 96 142 192 227 240 240 234 215 180 151 146 169 184 172 141 117 107 105 106 111 123 141 158 174 189 200 206 194 162 123 106 119 138 136 
94 71 41 19 29 54 72 73 55 37 23 19 32 56 72 76 75 68 61 57 45 36 48 56 33 46 60 47 48 53 43 29 22 27 17 14 22 22 15 12 9 10 18 17 30 30 17 14 13 15 15 11 8 13 21 13 10 13 21 14 11 13 14 11 18 30 26 36 56 62 62 62 63 62 60 59 57 55 51 46 45 47 51 54 56 57 58 59 60 61 62 64 65 66 66 65 74 106 155 204 232 240 239 231 208 172 147 151 175 185 165 136 114 106 105 106 112 127 145 163 179 192 201 204 188 152 116 109 
123 131 128 85 79 45 30 41 58 68 57 57 39 22 22 39 59 73 70 67 62 55 64 67 51 47 65 37 32 61 60 48 48 44 28 17 18 26 14 18 16 13 10 8 8 9 12 15 10 13 18 13 22 13 23 17 23 15 22 14 12 13 21 16 13 14 14 11 16 27 42 54 61 61 61 62 63 61 60 58 54 51 47 46 49 52 55 56 56 57 59 60 61 63 65 66 67 65 66 79 114 165 213 235 240 237 228 201 164 144 155 179 182 158 127 109 104 104 106 116 132 151 170 183 194 205 204 181 
127 133 140 122 152 150 122 83 47 33 37 60 70 69 56 43 29 26 38 59 69 73 75 80 61 63 66 51 39 52 61 32 51 63 45 29 29 31 19 16 22 15 11 13 9 7 14 16 16 15 20 16 18 18 23 21 17 17 25 24 22 16 23 16 13 18 17 12 11 10 9 14 27 43 58 62 61 63 65 64 61 60 59 55 50 46 46 50 53 56 57 58 58 60 61 62 64 65 66 67 64 67 85 126 177 219 237 240 237 224 192 158 144 160 180 179 150 121 108 105 105 106 116 136 156 170 185 198 
127 134 137 114 146 154 156 160 152 126 81 44 35 44 62 79 79 63 41 25 31 47 65 76 75 67 65 59 52 62 59 45 37 66 46 36 43 47 25 22 27 17 11 15 10 8 16 21 16 19 20 17 16 24 37 34 27 32 44 38 29 28 26 26 19 17 19 11 13 18 12 9 9 17 36 42 48 60 61 60 63 65 64 62 60 59 55 50 47 47 51 54 55 57 57 59 60 61 63 64 65 66 66 64 70 91 138 190 226 240 241 236 219 184 151 144 164 183 173 142 116 106 104 103 107 119 135 156 
128 131 131 113 146 154 153 154 158 164 164 149 120 82 52 42 54 70 77 72 56 36 23 31 47 62 71 69 67 68 65 48 43 63 41 26 43 69 39 27 29 24 16 18 12 10 17 23 20 21 28 22 22 26 51 38 30 26 52 52 34 47 43 30 22 22 21 17 13 20 13 13 15 14 14 21 15 27 43 56 63 63 63 65 66 64 64 61 59 54 48 46 47 51 55 57 58 59 59 61 62 63 64 66 68 67 65 73 102 151 201 231 241 240 232 210 171 146 150 173 184 167 136 112 105 105 105 109 
130 128 130 107 145 155 157 156 160 163 163 162 161 162 153 124 79 46 41 55 71 76 65 45 27 23 32 44 64 70 71 67 66 66 52 41 38 67 43 26 32 29 23 22 15 11 18 25 17 22 45 34 33 32 45 44 42 37 52 51 39 35 60 45 30 33 24 17 17 21 17 13 17 21 11 11 11 10 12 18 33 45 57 63 63 64 65 67 66 63 61 59 53 49 47 49 53 55 57 58 58 59 61 63 65 65 66 66 66 66 78 110 161 208 233 241 239 228 202 165 145 155 177 183 158 128 110 105 
108 126 128 102 139 155 155 156 163 162 162 162 159 162 159 159 159 145 111 67 43 44 54 66 63 56 47 33 22 30 49 65 72 77 69 53 56 69 61 39 40 23 16 22 15 8 16 28 22 33 47 46 33 43 54 58 50 51 65 65 45 39 62 44 28 35 51 27 25 26 20 16 19 21 16 14 19 16 13 10 8 12 18 32 51 58 62 61 64 68 68 65 63 61 57 51 48 47 50 53 55 57 59 60 60 61 62 63 66 67 66 65 66 82 121 172 217 236 241 237 222 193 160 145 161 182 180 154 
78 81 89 85 125 152 156 154 158 161 159 162 161 161 159 160 159 158 156 150 133 92 52 32 34 49 65 70 65 50 33 23 30 56 71 72 70 69 59 57 61 39 22 21 17 12 20 40 33 42 53 54 59 64 66 70 70 73 79 81 70 63 68 56 39 35 55 32 24 42 31 21 22 24 20 17 21 16 13 17 18 13 11 10 13 20 31 47 59 61 61 63 68 67 65 62 61 57 52 48 47 51 55 57 58 59 59 60 62 64 64 66 66 67 64 69 88 133 186 225 238 240 235 219 184 152 145 168 
74 69 74 75 82 106 131 150 160 160 160 162 161 160 161 162 161 159 157 151 151 152 141 115 83 50 36 40 55 63 69 59 43 28 27 40 54 69 71 65 63 62 35 28 19 17 28 36 47 55 54 54 49 48 42 48 48 52 58 65 67 67 72 71 60 61 63 41 28 47 32 19 36 41 28 25 20 22 20 18 21 12 17 17 12 9 10 12 25 40 55 60 58 60 65 69 67 65 63 62 57 51 47 48 52 56 58 58 58 60 61 62 63 64 66 68 66 64 71 98 145 194 228 239 239 232 210 173 
67 65 69 75 75 72 71 87 115 140 155 160 158 158 160 159 162 161 158 157 154 152 149 151 150 139 120 86 57 33 35 51 69 73 60 43 28 26 36 53 60 60 59 51 33 28 32 36 33 31 25 23 27 36 41 40 35 38 38 36 36 33 43 58 81 84 79 66 53 55 41 26 32 53 30 33 34 22 20 25 25 16 13 20 14 14 15 10 9 10 19 33 45 53 60 59 62 66 69 68 65 63 61 56 50 47 49 53 55 57 58 58 59 60 61 63 65 66 66 65 64 73 104 154 206 233 240 238 
72 72 70 65 66 70 72 70 67 74 88 115 139 153 159 160 163 160 160 160 156 155 153 154 152 150 150 146 141 121 86 54 37 45 62 74 74 63 45 34 28 36 48 58 38 21 20 17 17 29 47 47 48 66 71 73 75 79 80 82 75 65 48 35 35 50 70 83 85 75 57 39 46 60 48 33 46 39 29 36 31 19 15 20 17 14 18 18 12 13 10 11 13 21 35 50 55 55 54 61 68 70 67 66 64 60 55 49 47 50 54 56 58 58 59 59 60 62 62 64 66 66 64 64 78 115 169 216 
68 69 66 71 67 73 69 69 70 74 71 70 75 89 112 136 155 161 164 159 154 154 156 156 151 151 149 147 147 148 148 138 122 85 52 35 47 62 70 67 60 46 32 29 18 12 18 34 46 47 51 37 29 40 39 36 38 43 44 54 62 69 73 77 69 50 33 33 52 69 73 76 72 71 52 44 50 39 27 36 50 31 25 23 20 16 20 17 12 13 19 14 13 10 11 16 22 35 47 49 51 57 64 69 70 67 66 63 60 53 48 48 51 55 57 57 57 59 59 60 62 63 64 65 65 63 66 86 
80 71 62 62 67 76 79 78 73 70 71 73 79 76 72 77 87 112 128 143 156 155 153 151 149 151 152 149 148 144 146 145 146 148 141 119 87 52 40 48 62 68 67 51 21 22 32 33 26 27 34 51 68 85 99 102 100 97 83 66 50 37 33 44 67 82 77 55 39 30 33 50 70 75 76 69 60 51 41 38 59 22 23 40 37 25 22 20 15 16 18 12 13 19 13 11 10 10 14 24 39 50 54 54 61 68 70 69 67 65 63 58 51 48 48 51 54 56 57 57 58 59 59 61 63 64 65 64 
73 67 64 70 66 69 72 73 75 75 76 76 75 76 73 76 74 74 76 83 115 139 153 158 155 151 151 149 149 143 141 143 145 148 147 150 152 142 112 79 47 34 41 49 39 24 19 26 52 84 110 123 131 139 140 143 146 149 148 145 138 127 101 64 37 35 45 55 63 68 61 42 30 34 55 74 73 64 63 63 59 36 24 39 37 22 37 38 29 25 22 17 14 20 13 12 19 16 11 10 15 28 34 43 50 55 58 62 67 70 68 66 64 61 56 51 48 49 52 55 56 56 56 57 59 60 62 63 
73 76 70 68 66 70 71 65 70 74 73 75 81 83 79 76 74 74 77 75 74 78 98 119 142 148 153 152 151 148 143 144 145 145 146 149 151 148 145 150 144 123 69 25 17 24 46 81 107 118 121 124 134 139 141 147 150 149 150 147 145 144 138 131 123 98 63 37 30 45 65 74 71 49 38 37 43 58 82 82 76 60 43 48 42 29 31 44 25 38 41 31 22 20 18 15 20 18 12 15 14 13 17 30 26 35 51 55 58 60 62 67 68 67 65 63 61 55 50 48 50 52 54 55 56 56 58 59 
78 77 77 74 73 71 71 72 72 86 84 77 80 81 84 82 85 80 76 75 77 80 77 77 80 93 117 141 151 152 147 146 148 146 146 149 152 150 149 150 155 156 148 115 53 52 78 95 105 113 117 119 127 133 135 139 143 147 146 145 145 146 139 135 137 138 134 129 100 55 28 35 47 58 77 78 60 45 40 52 70 82 80 71 57 37 37 41 31 26 51 37 29 34 21 17 22 20 16 14 21 13 13 14 11 15 29 26 36 48 59 62 60 66 69 69 66 65 64 60 54 49 47 50 52 54 55 56 
73 72 72 77 79 74 79 75 72 82 86 86 84 83 82 80 82 84 84 79 78 74 73 77 79 78 77 84 99 115 135 147 148 150 149 148 151 153 149 149 152 152 151 144 90 66 81 91 100 106 114 118 121 128 134 133 137 141 145 143 140 139 139 139 141 141 141 142 144 122 94 101 65 36 35 57 78 83 71 58 39 39 54 69 69 74 67 57 39 37 51 40 23 42 40 27 32 27 17 17 22 19 13 18 15 12 12 9 13 23 25 38 53 61 61 61 65 68 67 65 64 63 58 53 49 47 49 53 
83 75 55 60 73 70 72 80 83 79 78 76 76 83 86 80 71 72 72 75 78 73 70 70 69 69 71 75 74 69 81 96 114 134 147 152 151 151 148 147 151 154 150 145 103 66 79 91 101 109 115 118 119 129 137 135 138 140 140 142 140 137 138 137 141 145 145 145 144 128 114 150 148 131 97 55 32 41 63 84 72 47 33 32 29 54 72 76 75 68 58 48 32 39 34 22 36 47 27 21 27 22 15 19 16 13 15 17 11 12 10 12 22 29 46 57 62 61 61 65 67 66 65 64 62 57 51 48 
73 70 57 60 72 70 70 72 76 77 79 76 74 69 73 74 73 79 74 67 68 72 73 73 77 75 69 65 68 75 88 83 78 81 98 123 145 151 149 147 152 152 149 147 112 63 80 93 102 108 114 113 112 119 118 117 120 127 134 139 141 140 137 136 138 142 146 146 147 132 109 153 152 153 153 145 123 89 51 36 37 42 48 52 42 34 33 41 58 75 69 69 61 53 44 31 31 42 25 24 48 38 28 24 22 17 17 20 13 14 18 13 11 10 10 17 28 46 60 63 60 63 66 68 66 64 63 60 
75 67 63 61 67 70 70 68 73 75 73 71 76 76 72 71 69 71 75 77 78 75 72 68 74 75 64 72 66 67 76 85 85 85 83 82 87 102 123 140 152 151 147 144 112 65 82 93 100 95 90 82 72 75 75 79 77 83 84 87 102 109 113 128 134 140 145 145 145 135 113 153 156 158 159 152 153 160 151 124 76 35 24 34 47 51 52 51 45 36 38 56 67 69 65 55 54 46 33 27 51 36 25 43 37 27 26 26 21 14 21 14 16 20 15 9 8 10 21 34 51 61 63 64 65 68 67 63 
133 114 96 77 69 64 65 59 67 82 82 79 76 74 74 75 75 74 72 69 72 78 79 66 69 65 66 67 65 70 71 75 74 78 82 87 79 66 74 83 105 130 144 143 113 67 76 72 62 55 54 59 64 68 69 70 67 68 79 80 83 79 80 88 99 111 131 141 143 135 116 150 151 159 165 167 164 165 165 169 165 149 115 68 33 26 37 65 86 80 60 35 27 36 53 63 67 65 55 47 52 43 25 38 44 30 41 41 31 24 25 22 16 21 17 12 17 14 9 9 10 20 33 50 61 65 64 65 
143 145 139 132 117 95 75 60 54 65 79 84 82 78 78 76 75 73 79 75 77 78 75 68 69 67 63 60 60 63 68 76 75 67 69 77 76 70 71 69 69 73 89 107 93 59 47 47 48 53 62 73 74 68 74 78 80 79 78 79 79 80 81 77 74 73 82 98 114 121 109 140 148 153 165 165 165 170 169 176 176 175 178 171 147 108 64 33 35 57 81 86 74 47 28 27 37 51 69 77 75 63 38 43 41 40 35 59 41 38 41 29 23 23 26 22 18 23 13 16 14 10 9 10 16 31 52 65 
113 132 136 140 144 142 134 116 91 73 65 64 73 78 83 82 77 77 77 75 76 79 80 79 76 72 68 65 63 65 74 73 70 69 71 71 67 66 69 69 70 69 72 66 59 47 39 47 48 54 60 62 66 71 69 70 81 75 76 88 86 85 84 78 66 72 70 67 79 83 79 103 129 140 153 160 163 170 171 177 176 180 183 179 175 177 170 145 106 63 35 40 65 81 64 62 46 30 31 52 68 78 75 65 58 47 44 58 42 31 52 43 32 37 31 23 22 27 18 16 24 21 13 13 12 10 10 21 
80 94 106 122 134 142 144 145 142 137 121 94 74 72 70 72 73 81 80 79 77 74 77 78 81 80 72 71 68 66 73 78 72 73 71 69 68 69 68 65 64 63 68 70 69 46 40 53 50 50 56 57 60 67 69 63 67 61 66 76 79 85 86 79 73 68 69 67 74 77 69 70 71 82 110 148 158 163 163 171 178 182 183 181 176 179 178 178 177 165 142 105 63 38 39 63 80 74 64 40 29 38 55 67 78 77 75 68 56 39 47 46 31 46 58 41 41 34 23 17 24 18 12 16 22 16 14 10 
96 95 97 95 98 109 128 139 141 141 144 146 139 125 104 85 73 70 73 78 79 74 75 77 74 75 75 80 79 75 73 71 72 73 76 75 76 73 73 69 65 60 62 62 69 49 39 50 47 47 52 58 54 60 70 79 81 79 77 80 79 78 75 72 79 79 77 78 74 73 73 74 71 65 31 53 94 135 152 165 169 175 178 178 177 174 174 177 179 178 173 171 163 137 91 50 36 44 65 69 63 59 45 37 42 60 73 79 78 65 61 59 42 50 57 34 42 58 42 35 29 24 17 18 23 14 16 21 
95 94 95 98 98 94 92 103 118 131 140 143 144 146 145 138 128 113 92 77 70 71 74 79 89 84 85 79 74 77 78 78 75 74 72 72 76 77 77 72 73 67 60 58 63 48 37 42 45 47 55 67 56 63 72 75 77 84 82 90 94 89 82 75 76 76 78 80 81 79 78 75 73 68 27 18 27 39 63 100 142 161 168 168 172 171 171 176 178 179 176 174 177 174 170 157 125 84 47 36 46 70 75 68 56 41 34 43 63 77 69 68 70 66 62 56 38 59 37 34 52 42 31 28 27 23 16 19 
90 91 94 88 88 94 99 95 99 101 105 110 130 141 144 145 146 148 145 136 119 102 83 73 78 88 92 89 86 80 74 74 76 76 79 78 77 75 74 74 74 75 69 69 68 45 31 40 45 48 52 63 61 66 68 68 75 77 75 78 81 81 82 81 77 79 83 76 74 76 81 83 82 74 40 20 22 29 33 32 42 71 111 150 161 158 164 169 176 179 179 180 182 176 171 172 172 169 157 125 69 32 39 58 72 73 63 51 37 32 48 63 79 78 74 61 52 60 57 42 49 51 32 46 43 26 25 27 
